,Date,Positive,Negative,Total,Percentage Positive,Percentage Negative,Average Sentiment,Cases,New Cases,Cases Ratio,Deaths,New Deaths,Mobility,Google Trends
0,Jan 25 2020,8,5,16,0.5,0.3125,0.03910285894660895,1434,493,,42,16,126.8904629113218,2
1,Jan 26 2020,7,4,15,0.4666666666666667,0.26666666666666666,0.08161968895302228,2118,684,1.3874239350912778,56,14,97.05691020635805,2
2,Jan 27 2020,320,217,1158,0.2763385146804836,0.18739205526770294,0.0161061719586028,2927,809,1.182748538011696,82,26,99.45085889570552,3
3,Jan 28 2020,753,666,2845,0.2646748681898067,0.23409490333919156,0.012673356581288313,5578,2651,3.276885043263288,131,49,101.35834355828221,3
4,Jan 29 2020,1165,1022,4691,0.24834790023449158,0.21786399488382008,0.012049815312671115,6166,588,0.22180309317238778,133,2,101.86681260457334,4
5,Jan 30 2020,1212,1117,4185,0.2896057347670251,0.26690561529271206,0.00609629098567603,8234,2068,3.5170068027210886,171,38,107.65295315114334,6
6,Jan 31 2020,1611,1226,5057,0.31856832113901523,0.2424362270120625,0.014967351925622185,9927,1693,0.8186653771760155,213,42,128.09933909648632,5
7,Feb 01 2020,1207,600,3275,0.3685496183206107,0.183206106870229,0.049183890832399615,12038,2111,1.2468989958653278,259,46,128.3422838817624,4
8,Feb 02 2020,969,601,3051,0.3176007866273353,0.1969845952146837,0.042518139761706326,16787,4749,2.24964471814306,362,103,95.8400250976018,4
9,Feb 03 2020,921,679,3137,0.29359260439910745,0.21644883646796304,0.029173762391678706,19887,3100,0.6527690040008423,426,64,101.47300055772448,3
10,Feb 04 2020,1115,731,3213,0.34702769996887645,0.2275132275132275,0.0404288773573794,23898,4011,1.2938709677419356,492,66,102.34672058003348,4
11,Feb 05 2020,1858,920,5345,0.34761459307764264,0.17212347988774557,0.05429680610148066,27643,3745,0.9336823734729494,564,72,101.18916062465141,5
12,Feb 06 2020,1443,899,4097,0.3522089333658775,0.2194288503783256,0.036024801924021375,30802,3159,0.843524699599466,634,70,106.6522671500279,4
13,Feb 07 2020,1993,946,5349,0.3725930080388858,0.17685548700691717,0.054439473321245116,34395,3593,1.1373852484963596,719,85,127.93108198549916,5
14,Feb 08 2020,267,152,905,0.2950276243093923,0.16795580110497238,0.025195939456199908,37129,2734,0.7609240189256888,806,87,129.92308979364194,4
15,Feb 09 2020,7,7,23,0.30434782608695654,0.30434782608695654,0.05945322793148879,40159,3030,1.1082662765179225,906,100,102.82384551031791,4
16,Feb 10 2020,1012,752,2604,0.38863287250384027,0.2887864823348694,0.02203133954205581,42768,2609,0.861056105610561,1013,107,105.05880925822645,4
17,Feb 11 2020,1491,1010,3701,0.402864090786274,0.2728992164279924,0.009462942002803324,44810,2042,0.7826753545419701,1113,100,106.2186558839933,4
18,Feb 12 2020,1297,822,3296,0.39350728155339804,0.24939320388349515,0.025384643174903642,45228,418,0.20470127326150833,1118,5,107.31448689347462,3
19,Feb 13 2020,1432,760,3668,0.3904034896401309,0.20719738276990185,0.041983940096024755,60381,15153,36.251196172248804,1371,253,116.26727551589514,3
20,Feb 14 2020,997,556,3300,0.3021212121212121,0.1684848484848485,0.03508960273612881,66908,6527,0.4307397875008249,1523,152,146.57079475738985,3
21,Feb 15 2020,906,565,3364,0.26932223543400713,0.16795481569560047,0.028129883556362905,69050,2142,0.32817527194729584,1666,143,141.82464584495258,3
22,Feb 16 2020,1249,553,3105,0.40225442834138486,0.17809983896940418,0.0656428758076113,71234,2184,1.0196078431372548,1770,104,112.99643892916899,3
23,Feb 17 2020,1768,745,4209,0.4200522689474935,0.1770016631028748,0.06388689343154196,73269,2035,0.9317765567765568,1868,98,117.11912994980479,3
24,Feb 18 2020,1250,665,3597,0.34751181540172366,0.18487628579371698,0.037844768922254336,75151,1882,0.9248157248157248,2008,140,110.81394032348021,3
25,Feb 19 2020,1198,699,3278,0.36546674801708356,0.2132397803538743,0.02304633229726133,75651,500,0.26567481402763016,2123,115,111.87589514779698,3
26,Feb 20 2020,896,714,2946,0.30414120841819414,0.24236252545824846,0.002938061253461656,76211,560,1.12,2248,125,116.79218070273285,3
27,Feb 21 2020,890,526,2701,0.32950758978156236,0.19474268789337282,0.035899334804346414,76840,629,1.1232142857142857,2252,4,141.21081985499163,2
28,Feb 22 2020,1172,570,3096,0.3785529715762274,0.18410852713178294,0.05457403877001374,78601,1761,2.7996820349761524,2459,207,142.90669827105407,2
29,Feb 23 2020,1357,831,4392,0.30897085610200364,0.18920765027322403,0.03419143601273289,78979,378,0.21465076660988075,2470,11,111.66174567763525,3
30,Feb 24 2020,1467,806,4206,0.3487874465049929,0.19163100332857821,0.030018523105907784,79543,564,1.492063492063492,2630,160,108.03497211377581,4
31,Feb 25 2020,2101,791,4737,0.4435296601224404,0.1669833227781296,0.05805176708806766,80396,853,1.5124113475177305,2710,80,109.07312325711098,5
32,Feb 26 2020,1370,889,3793,0.3611916688636963,0.23437911943052991,0.02481694561847358,81373,977,1.145369284876905,2771,61,110.14999721137758,6
33,Feb 27 2020,1237,843,3473,0.3561762165274978,0.24272962856320185,0.02512008601585315,82737,1364,1.3961105424769704,2814,43,117.09303680981596,6
34,Feb 28 2020,1453,805,3824,0.3799686192468619,0.21051255230125523,0.04808673373083897,84114,1377,1.0095307917888563,2873,59,140.87405465699945,6
35,Feb 29 2020,1263,767,3513,0.3595217762596072,0.2183319100483917,0.0396428277991177,86009,1895,1.3761801016702977,2942,69,140.78012548800893,6
36,Mar 01 2020,751,348,1880,0.399468085106383,0.1851063829787234,0.05728634392306678,88386,2377,1.254353562005277,2996,54,110.49760457334077,5
37,Mar 02 2020,1046,630,2807,0.3726398289989312,0.22443890274314215,0.02919095920168958,90360,1974,0.8304585612116113,3085,89,107.8043056330173,6
38,Mar 03 2020,728,483,2326,0.3129836629406707,0.20765262252794497,0.02927229873131937,92938,2578,1.3059777102330294,3160,75,110.6341996653653,8
39,Mar 04 2020,1163,638,3202,0.363210493441599,0.19925046845721425,0.03695167572073341,95237,2299,0.8917765709852599,3255,95,111.3675683212493,8
40,Mar 05 2020,1469,838,3830,0.3835509138381201,0.218798955613577,0.0348958300578114,98028,2791,1.2140060896041758,3348,93,119.0820384829894,10
41,Mar 06 2020,1866,928,4800,0.38875,0.19333333333333333,0.04485803576096599,101971,3943,1.4127552848441418,3460,112,143.25746235359733,10
42,Mar 07 2020,961,481,2410,0.39875518672199173,0.1995850622406639,0.05259036414609422,106009,4038,1.0240933299518133,3559,99,143.57832682654768,10
43,Mar 08 2020,3134,2560,9858,0.3179143842564415,0.25968756340028404,0.02496549006993263,109960,3951,0.9784546805349182,3803,244,112.70258505298382,15
44,Mar 09 2020,3126,1619,7976,0.39192577733199596,0.2029839518555667,0.05217298328415334,113860,3900,0.9870918754745635,3987,184,110.61214166201897,18
45,Mar 10 2020,3049,1350,7615,0.4003939592908733,0.17728168089297439,0.058345742555538135,118884,5024,1.2882051282051281,4266,279,111.50944506413832,20
46,Mar 11 2020,1908,1215,5073,0.37610881135422825,0.23950325251330573,0.03910284512670825,126547,7663,1.5252786624203822,4611,345,111.85728667038482,20
47,Mar 12 2020,1947,1034,4693,0.41487321542723204,0.22032814830598765,0.05380169629705333,132297,5750,0.7503588672843534,4916,305,110.86670942554379,40
48,Mar 13 2020,3563,1760,8119,0.4388471486636285,0.21677546495873876,0.06986158245440002,146704,14407,2.5055652173913043,5413,497,123.49724762967094,51
49,Mar 14 2020,3659,1885,8856,0.4131662149954833,0.21285004516711833,0.07010084121198576,157795,11091,0.7698341084195183,5830,417,114.09296430563302,47
50,Mar 15 2020,4436,2473,10658,0.41621317320322765,0.23203227622443234,0.06382116873930149,168941,11146,1.0049589757461004,6471,641,89.58913273842722,56
51,Mar 16 2020,5459,2758,12536,0.4354658583280153,0.22000638162093172,0.06996218597297751,183600,14659,1.3151803337520187,7151,680,89.29708031232572,100
52,Mar 17 2020,5074,2629,12011,0.42244609108317377,0.21888269086670553,0.06363217582918163,199444,15844,1.0808377106214613,7955,804,83.8888455103179,81
53,Mar 18 2020,5329,2775,12364,0.43100938207699774,0.224441928178583,0.06538990140473572,219037,19593,1.2366195405200706,8852,897,80.92291411042946,74
54,Mar 19 2020,5120,2754,12022,0.42588587589419397,0.22908001996340044,0.06539139222989232,246955,27918,1.4248966467615984,9958,1106,79.68381483547127,80
55,Mar 20 2020,5931,2956,13670,0.43386978785662034,0.21623994147768838,0.06790998782206861,276564,29609,1.0605702414213052,11436,1478,85.23913273842723,92
56,Mar 21 2020,7658,3895,17816,0.42983834755276157,0.21862370902559497,0.07375700902140919,308842,32278,1.0901415110270525,13142,1706,74.58430842163972,93
57,Mar 22 2020,10227,4547,22243,0.45978510093062985,0.20442386368745225,0.0840694054005411,342255,33413,1.0351632690996964,14840,1698,59.05492749581707,87
58,Mar 23 2020,10135,4601,22394,0.4525765830133071,0.2054568187907475,0.07350186216288003,384420,42165,1.2619339777930745,16757,1917,64.24523982152816,76
59,Mar 24 2020,10727,4463,23976,0.4474057390724057,0.1861444778111445,0.07822855619423381,425559,41139,0.975667022411953,19027,2270,63.48145008365868,71
60,Mar 25 2020,9785,4545,22692,0.43120923673541334,0.20029085140137493,0.07319204722421133,476376,50817,1.2352512214686793,21804,2777,64.11482989403235,65
61,Mar 26 2020,9766,4450,22088,0.44214052879391524,0.20146685983339369,0.07658239477199594,539336,62960,1.2389554676584607,24811,3007,65.25846346904629,62
62,Mar 27 2020,9290,4012,20782,0.44702146087960737,0.19305167933788855,0.08163432500750811,603736,64400,1.02287166454892,28329,3518,69.96724205242612,59
63,Mar 28 2020,8774,3928,19785,0.44346727318675766,0.1985342431134698,0.07373356519369309,671344,67608,1.0498136645962732,32008,3679,61.78718906860011,67
64,Mar 29 2020,8711,4130,19597,0.44450681226718375,0.21074654283818953,0.06637052802732213,730921,59577,0.8812122825701101,35481,3473,53.197847183491355,62
65,Mar 30 2020,9952,4553,22849,0.43555516652807563,0.19926473806293493,0.07596634132289491,795560,64639,1.084965674673112,39645,4164,60.49800892359175,56
66,Mar 31 2020,9694,4403,22225,0.4361754780652418,0.19811023622047244,0.08446976582168662,871976,76416,1.1821965067528892,44489,4844,60.377838817624095,50
67,Apr 01 2020,9067,4355,21096,0.42979711793704967,0.20643723928706864,0.07277515404156817,948197,76221,0.9974481783919598,50043,5554,61.89360290016732,49
68,Apr 02 2020,8693,3922,19393,0.4482545248285464,0.20223792089929357,0.07991336205124931,1029598,81401,1.067960273415463,56348,6305,62.44883993307307,46
69,Apr 03 2020,9052,4361,21123,0.4285376130284524,0.2064574160867301,0.0776909225877762,1112752,83154,1.0215353619734402,62333,5985,66.2353123257111,45
70,Apr 04 2020,8995,4113,20585,0.4369686665047365,0.1998056837503036,0.07956999074574904,1193128,80376,0.9665921062125694,68174,5841,58.86787785833798,47
71,Apr 05 2020,9401,4656,22330,0.42100313479623824,0.20850873264666367,0.07143491456356804,1264846,71718,0.8922812779934308,73195,5021,51.23443390964863,45
72,Apr 06 2020,9425,4007,21384,0.4407500935278713,0.18738309016086793,0.08480889417511152,1337518,72672,1.0133020998912408,79027,5832,61.0577300613497,41
73,Apr 07 2020,9402,3889,21038,0.44690559939157715,0.18485597490255729,0.08924851439594282,1414391,76873,1.0578076838397181,86929,7902,62.72799498047964,38
74,Apr 08 2020,10385,4423,23679,0.4385742641158833,0.1867899826850796,0.08139429755354365,1498166,83775,1.0897844496767395,93664,6735,64.01011991076408,37
75,Apr 09 2020,9624,3987,21643,0.4446703322090283,0.18421660583098462,0.08481064172701529,1584791,86625,1.0340196956132497,101293,7629,64.50185164528722,38
76,Apr 10 2020,9728,4161,21863,0.44495265974477427,0.1903215478205187,0.09029166772201777,1672449,87658,1.011924963924964,108565,7272,68.67620747350809,38
77,Apr 11 2020,9660,4235,22502,0.4292951737623322,0.18820549284508042,0.08079237348423644,1749169,76720,0.875219603458897,114634,6069,61.94583379810374,39
78,Apr 12 2020,10311,4417,23389,0.4408482620035059,0.18884945914746248,0.08675594593669386,1845951,96782,1.2614963503649634,120365,5731,43.601793084216396,38
79,Apr 13 2020,11076,5351,27250,0.4064587155963303,0.19636697247706422,0.06971262906721308,1915545,69594,0.7190799942138001,126112,5747,60.70288901282766,38
80,Apr 14 2020,12390,5002,29135,0.4252617127166638,0.171683542131457,0.08326395689536781,1985472,69927,1.0047848952495906,133011,6899,65.05501952035694,37
81,Apr 15 2020,10452,4480,23727,0.44051081046908586,0.18881443081721247,0.08050125611060707,2066301,80829,1.1559054442490024,141323,8312,68.22344394868935,38
82,Apr 16 2020,13212,6048,29632,0.4458693304535637,0.2041036717062635,0.07611593869262295,2163013,96712,1.196501255737421,148606,7283,70.05109313998885,40
83,Apr 17 2020,10415,4600,23581,0.44166914040965183,0.19507230397353803,0.08127539025282085,2250737,87724,0.9070642733063116,157497,8891,75.8318878973787,37
84,Apr 18 2020,9452,4608,21796,0.4336575518443751,0.21141493852082952,0.07103834678783232,2324265,73528,0.8381742738589212,163968,6471,71.51504740658115,38
85,Apr 19 2020,10280,4904,24373,0.4217781971854101,0.20120625282074425,0.07274731858007848,2404790,80525,1.0951610270917203,168538,4570,59.401201896263245,38
86,Apr 20 2020,12339,5856,29042,0.4248674333723573,0.20163900557812822,0.06998309010238536,2478129,73339,0.9107606333436821,173981,5443,70.92477691020635,35
87,Apr 21 2020,11415,5581,27314,0.4179175514388226,0.20432745112396572,0.07109543323693107,2553379,75250,1.026057077407655,181138,7157,71.7757585052984,34
88,Apr 22 2020,11462,4979,25961,0.44150841647086014,0.19178768152228343,0.08077535870017684,2630185,76806,1.0206777408637875,187893,6755,72.86317902955939,34
89,Apr 23 2020,12030,5218,27114,0.4436822305819872,0.19244670649848786,0.08053366371690383,2719198,89013,1.1589328958675102,194743,6850,73.53569157836029,34
90,Apr 24 2020,9011,4143,20740,0.4344744455159113,0.1997589199614272,0.0749461928268592,2806138,86940,0.9767112668935998,201417,6674,83.04782208588956,35
91,Apr 25 2020,9796,5007,23679,0.41369990286751973,0.21145318636766755,0.06568304179744905,2890259,84121,0.9675753393144697,206995,5578,78.36470161740101,32
92,Apr 26 2020,12385,5946,28926,0.4281615155915094,0.20555901265297655,0.0670756513515234,2963206,72947,0.867167532482971,210878,3883,66.6395398773006,34
93,Apr 27 2020,15053,5851,33287,0.4522185838315258,0.17577432631357587,0.0811812668291316,3031910,68704,0.9418344825695368,215527,4649,75.72440881204685,32
94,Apr 28 2020,12559,5186,28157,0.4460347338139717,0.18418155343253897,0.08103164134422676,3107209,75299,1.095991499767117,221990,6463,77.12466815393194,31
95,Apr 29 2020,11796,5181,26523,0.44474606944915734,0.19533989367718585,0.07974030766673905,3184255,77046,1.0232008393205754,228758,6768,78.18877579475739,29
96,Apr 30 2020,12612,5361,28338,0.44505610840567433,0.1891806055473216,0.07877225625311203,3267936,83681,1.0861173844196974,234720,5962,83.45174288901283,30
97,May 01 2020,11896,4755,26201,0.45402847219571774,0.18148162283882294,0.0874145292228609,3354984,87048,1.040236134845425,239897,5177,94.91405744562186,30
98,May 02 2020,8820,4336,21092,0.41816802579176937,0.2055755736772236,0.0695121184457146,3435571,80587,0.9257765830346476,245222,5325,92.44659230340211,28
99,May 03 2020,10364,5491,25102,0.41287546809019204,0.2187475101585531,0.06245592556115943,3513207,77636,0.9633811905145991,248675,3453,78.66387618516454,28
100,May 04 2020,12467,5261,27776,0.4488407258064516,0.18940812211981567,0.07418762437972365,3589284,76077,0.9799191096913803,252803,4128,85.16363636363636,26
101,May 05 2020,11192,4759,24813,0.4510538830451779,0.19179462378591866,0.08243435267082205,3669273,79989,1.0514215860246856,258674,5871,85.63278304517567,26
102,May 06 2020,9040,4347,20676,0.4372218997871929,0.21024376088218225,0.07290741471212643,3759295,90022,1.1254297465901562,265343,6669,88.91844116006692,23
103,May 07 2020,8885,3962,19590,0.45354772843287394,0.20224604389994896,0.07877375701493931,3848381,89086,0.989602541600942,270752,5409,93.82040156162856,24
104,May 08 2020,7903,3723,18139,0.43569105242846906,0.20524835988753515,0.07419582154873064,3939898,91517,1.0272882383314998,276320,5568,103.1731372002231,24
105,May 09 2020,7311,3669,16576,0.44105936293436293,0.22134411196911197,0.06717906071982782,4023533,83635,0.913873925063103,280585,4265,101.69872002230898,26
106,May 10 2020,12443,6064,29649,0.41967688623562344,0.20452629093729974,0.06528882689772007,4099779,76246,0.9116518204101154,284151,3566,80.27827105409928,27
107,May 11 2020,15109,6342,32982,0.4580983566794009,0.19228670183736585,0.07459899502889424,4176020,76241,0.9999344227893923,287624,3473,,25
108,May 12 2020,10632,4771,24058,0.44193199767229197,0.19831241167179317,0.07305377094420529,4259619,83599,1.0965097519707243,293171,5547,,29
109,May 13 2020,10582,5014,23646,0.44751755053708875,0.21204432039245538,0.07348325479304155,4344371,84752,1.0137920310051556,298399,5228,98.00250697155604,26
110,May 14 2020,10251,5128,23069,0.4443625644804716,0.22228965278078808,0.07609961713631112,4441476,97105,1.1457546724561072,303667,5268,103.18351366424986,24
111,May 15 2020,11808,5247,24924,0.4737602311025518,0.21051998074145403,0.08292792445502314,4537825,96349,0.9922146130477318,308882,5215,117.93519241494701,25
112,May 16 2020,10507,5358,23967,0.43839445904785745,0.22355739141319314,0.07186184364273832,4629638,91813,0.9529211512314606,313053,4171,114.98875627440046,25
113,May 17 2020,20490,10153,58282,0.35156652139597133,0.17420472873271337,0.05337043468807612,4708147,78509,0.8550967727881672,316382,3329,96.44832682654767,24
