,Date,Smoothed Positive,Smoothed Negative,Smoothed Total,Percentage Positive,Percentage Negative,Average Sentiment,Smoothed Cases,Smoothed New Cases,Cases Ratio,Smoothed Deaths,Smoothed New Deaths,Mobility,Google Trends
0,Jan 27 2020,2.3333333333333335,1.0,3.3333333333333335,0.7000000000000001,0.3,-0.05238095238095236,4890.333333333333,1349.3333333333333,,115.33333333333333,25.666666666666668,99.45085889570552,0
1,Jan 28 2020,3.0,1.25,4.25,0.7058823529411765,0.29411764705882354,-0.04447089947089947,5726.25,1529.0,1.1331521739130435,129.25,28.75,101.35834355828221,0
2,Jan 29 2020,3.6,1.4,5.0,0.72,0.27999999999999997,0.05981481481481482,6566.4,1561.8,1.0214519293655984,146.0,31.4,101.86681260457334,0
3,Jan 30 2020,4.4,1.4,5.8,0.7586206896551725,0.24137931034482757,0.08317460317460316,8388.6,1822.2,1.1667306953515175,181.4,35.4,107.65295315114334,0
4,Jan 31 2020,4.4,1.0,5.4,0.8148148148148149,0.18518518518518517,0.1204861111111111,10630.4,2241.8,1.230271100867084,227.6,46.2,128.09933909648632,0
5,Feb 01 2020,10.6,1.6,12.4,0.8548387096774193,0.12903225806451613,0.182739898989899,13374.6,2744.2,1.2241056294049424,286.2,58.6,128.3422838817624,0
6,Feb 02 2020,11.2,1.4,12.8,0.8749999999999999,0.10937499999999999,0.03333333333333333,16507.4,3132.8,1.1416077545368415,350.4,64.2,95.8400250976018,0
7,Feb 03 2020,11.2,1.4,12.8,0.8749999999999999,0.10937499999999999,0.04358497870692996,20050.6,3543.2,1.1310010214504596,420.6,70.2,101.47300055772448,0
8,Feb 04 2020,11.4,1.4,13.0,0.8769230769230769,0.10769230769230768,0.07514547181213847,23803.4,3752.8,1.0591555655904268,495.6,75.0,102.34672058003348,0
9,Feb 05 2020,11.8,1.6,13.6,0.8676470588235294,0.11764705882352942,0.04895066738816739,27325.0,3521.6,0.9383926668087827,567.0,71.4,101.18916062465141,0
10,Feb 06 2020,4.4,1.0,5.4,0.8148148148148149,0.18518518518518517,0.04732641036212465,30773.4,3448.4,0.979213993639255,643.0,76.0,106.6522671500279,0
11,Feb 07 2020,2.8,0.8,3.6,0.7777777777777777,0.22222222222222224,0.040798611111111105,34025.6,3252.2,0.9431040482542628,725.8,82.8,127.93108198549916,0
12,Feb 08 2020,2.4,0.4,2.8,0.8571428571428572,0.14285714285714288,0.0,37050.6,3025.0,0.9301395978107128,815.6,89.8,129.92308979364194,0
13,Feb 09 2020,2.0,0.4,2.4,0.8333333333333334,0.16666666666666669,0.0,39852.2,2801.6,0.9261487603305785,911.4,95.8,102.82384551031791,0
14,Feb 10 2020,2.0,0.4,2.4,0.8333333333333334,0.16666666666666669,0.04116319444444445,42018.8,2166.6,0.7733438035408338,991.2,79.8,105.05880925822645,0
15,Feb 11 2020,2.2,1.6,3.8,0.5789473684210527,0.4210526315789474,0.04302083333333333,46669.2,4650.4,2.1464045047539924,1104.2,113.0,106.2186558839933,0
16,Feb 12 2020,3.0,2.0,5.0,0.6,0.4,0.058430871212121205,52019.0,5349.8,1.1503956648890419,1227.6,123.4,107.31448689347462,0
17,Feb 13 2020,4.2,5.4,9.8,0.42857142857142855,0.5510204081632653,-0.12390873015873015,57275.4,5256.4,0.9825414034169501,1358.2,130.6,116.26727551589514,0
18,Feb 14 2020,4.0,5.2,9.4,0.425531914893617,0.5531914893617021,0.11078703703703702,62560.2,5284.8,1.0054029373715851,1489.6,131.4,146.57079475738985,0
19,Feb 15 2020,3.8,5.2,9.2,0.41304347826086957,0.5652173913043479,0.04575219671201813,68168.4,5608.2,1.0611943687556766,1639.6,150.0,141.82464584495258,0
20,Feb 16 2020,4.0,4.0,8.2,0.48780487804878053,0.48780487804878053,0.14791666666666667,71122.4,2954.0,0.5267287186619592,1767.0,127.4,112.99643892916899,0
21,Feb 17 2020,3.6,3.8,7.6,0.4736842105263158,0.5,-0.015476190476190496,72871.0,1748.6,0.5919431279620853,1887.0,120.0,117.11912994980479,0
22,Feb 18 2020,2.0,0.8,2.8,0.7142857142857143,0.28571428571428575,0.11166666666666668,74303.2,1432.2,0.8190552441953564,2003.4,116.4,110.81394032348021,0
23,Feb 19 2020,2.4,1.2,3.6,0.6666666666666666,0.3333333333333333,0.0488095238095238,75424.4,1121.2,0.7828515570451055,2099.8,96.4,111.87589514779698,0
24,Feb 20 2020,4.4,1.0,5.4,0.8148148148148149,0.18518518518518517,0.027480158730158723,76490.8,1066.4,0.9511237959329291,2218.0,118.2,116.79218070273285,0
25,Feb 21 2020,6.8,1.2,8.0,0.85,0.15,0.06168530543530543,77256.4,765.6,0.7179294823705926,2310.4,92.4,141.21081985499163,0
26,Feb 22 2020,8.6,1.6,10.2,0.8431372549019608,0.15686274509803924,0.10004649671316339,78034.8,778.4,1.0167189132706373,2411.8,101.4,142.90669827105407,0
27,Feb 23 2020,11.6,1.6,13.2,0.8787878787878788,0.12121212121212123,0.07603138528138528,78871.8,837.0,1.0752826310380268,2504.2,92.4,111.66174567763525,0
28,Feb 24 2020,16.0,2.2,18.2,0.8791208791208791,0.1208791208791209,0.09533807462378889,79778.4,906.6,1.0831541218637992,2608.0,103.8,108.03497211377581,0
29,Feb 25 2020,21.8,4.0,25.8,0.8449612403100776,0.15503875968992248,0.14717124250018984,80605.6,827.2,0.9124200308846239,2679.0,71.0,109.07312325711098,0
30,Feb 26 2020,29.2,6.4,36.2,0.8066298342541436,0.17679558011049723,0.11817448680351905,81632.6,1027.0,1.2415377176015474,2759.6,80.6,110.14999721137758,0
31,Feb 27 2020,32.2,8.2,41.6,0.7740384615384616,0.19711538461538458,0.05411109307359305,82925.8,1293.2,1.2592015579357352,2822.0,62.4,117.09303680981596,0
32,Feb 28 2020,34.8,8.4,44.8,0.7767857142857143,0.18750000000000003,0.06527576057560064,84523.8,1598.0,1.2356944014846891,2879.2,57.2,140.87405465699945,0
33,Feb 29 2020,35.2,9.2,46.0,0.7652173913043478,0.19999999999999998,0.07752688255737035,86321.2,1797.4,1.1247809762202754,2942.0,62.8,140.78012548800893,0
34,Mar 01 2020,39.6,9.4,51.0,0.7764705882352941,0.1843137254901961,0.14916836734693878,88361.4,2040.2,1.135084010237009,3011.2,69.2,110.49760457334077,0
35,Mar 02 2020,47.4,10.0,59.2,0.8006756756756757,0.16891891891891891,0.050219224906724924,90586.0,2224.6,1.0903832957553181,3087.6,76.4,107.8043056330173,1
36,Mar 03 2020,61.4,14.6,78.8,0.7791878172588833,0.18527918781725888,0.11218781064614397,92989.8,2403.8,1.0805538074260543,3168.8,81.2,110.6341996653653,1
37,Mar 04 2020,89.0,22.0,115.4,0.7712305025996533,0.19064124783362218,0.060027239992517745,95706.8,2717.0,1.1302937016390713,3261.6,92.8,111.3675683212493,1
38,Mar 05 2020,102.4,26.8,134.8,0.7596439169139466,0.19881305637982194,0.04383460547579251,98836.6,3129.8,1.1519322782480679,3356.4,94.8,119.0820384829894,1
39,Mar 06 2020,132.2,35.2,174.6,0.7571592210767468,0.20160366552119133,0.07729130663763695,102241.0,3404.4,1.087737235606109,3485.0,128.6,143.25746235359733,1
40,Mar 07 2020,158.8,43.6,211.0,0.75260663507109,0.2066350710900474,0.06765025415978239,105965.6,3724.6,1.0940547526730113,3631.4,146.4,143.57832682654768,2
41,Mar 08 2020,211.8,75.4,299.2,0.7078877005347595,0.2520053475935829,0.09422159177115523,110136.8,4171.2,1.1199054932073242,3815.0,183.6,112.70258505298382,2
42,Mar 09 2020,309.8,113.0,445.0,0.6961797752808989,0.2539325842696629,0.08674235800859885,115052.0,4915.2,1.1783659378596087,4045.2,230.2,110.61214166201897,4
43,Mar 10 2020,447.2,158.0,646.0,0.6922600619195046,0.24458204334365324,0.00887856963666691,120309.6,5257.6,1.0696614583333335,4316.6,271.4,111.50944506413832,4
44,Mar 11 2020,679.2,233.2,977.2,0.695047073270569,0.2386410151453131,0.06118915448220386,127658.4,7348.8,1.397748021911138,4638.6,322.0,111.85728667038482,8
45,Mar 12 2020,1000.2,339.8,1445.0,0.6921799307958478,0.23515570934256055,0.07895997742167098,136445.4,8787.0,1.1957054212932723,5007.2,368.6,110.86670942554379,18
46,Mar 13 2020,1782.6,551.4,2533.2,0.7036949313121743,0.21766935101847465,0.08414392690534288,146456.8,10011.4,1.1393422100830772,5448.2,441.0,123.49724762967094,25
47,Mar 14 2020,2494.0,745.8,3541.2,0.7042810346775105,0.2106065740426974,0.08827295288591297,157867.4,11410.6,1.1397606728329706,5956.2,508.0,114.09296430563302,34
48,Mar 15 2020,3080.4,918.2,4390.8,0.7015578026783275,0.20911906714038445,0.0946150111530415,171296.8,13429.4,1.1769232117504775,6564.0,607.8,89.58913273842722,58
49,Mar 16 2020,3555.6,1058.8,5109.4,0.6958938427212589,0.20722589736563982,0.0958601809754063,185763.4,14466.6,1.0772335323990647,7251.8,687.8,89.29708031232572,68
50,Mar 17 2020,3942.6,1165.6,5693.6,0.6924617113952507,0.20472109034705632,0.08867359750057259,203595.4,17832.0,1.2326324084442786,8077.4,825.6,83.8888455103179,69
51,Mar 18 2020,3901.8,1155.4,5671.4,0.6879782769686498,0.20372394823147727,0.09067457320813514,225120.0,21524.6,1.207077164647824,9070.4,993.0,80.92291411042946,71
52,Mar 19 2020,3945.4,1199.2,5801.6,0.6800537782680639,0.2067015995587424,0.08981503838042446,250168.4,25048.4,1.163710359309813,10268.6,1198.2,79.68381483547127,77
53,Mar 20 2020,4139.2,1304.0,6162.6,0.6716645571674292,0.21159900042189983,0.09645030285259455,278730.6,28562.2,1.1402804171124703,11645.6,1377.0,85.23913273842723,85
54,Mar 21 2020,4402.2,1392.8,6570.6,0.6699844763035339,0.21197455331324383,0.08310747884581361,311807.2,33076.6,1.1580550517817254,13226.6,1581.0,74.58430842163972,86
55,Mar 22 2020,4567.4,1435.0,6787.8,0.672883703114411,0.21140870385102684,0.07517036519181598,347528.0,35720.8,1.0799417110585732,15040.4,1813.8,59.05492749581707,93
56,Mar 23 2020,4742.2,1439.2,6989.6,0.6784651482202129,0.20590591736293923,0.08413401613669819,387490.4,39962.4,1.1187431412510358,17114.0,2073.6,64.24523982152816,84
57,Mar 24 2020,4740.4,1395.0,6917.0,0.685326008385138,0.20167702761312709,0.08816880169333328,433589.2,46098.8,1.1535543410806157,19447.8,2333.8,63.48145008365868,73
58,Mar 25 2020,4702.0,1335.0,6774.6,0.6940631181176748,0.19705960499512884,0.09706715429712338,485885.4,52296.2,1.1344373389329006,22145.6,2697.8,64.11482989403235,68
59,Mar 26 2020,4417.0,1242.6,6325.2,0.6983178397521027,0.19645228609372034,0.09060751767821089,543270.2,57384.8,1.097303436961003,25195.8,3050.2,65.25846346904629,69
60,Mar 27 2020,4197.2,1179.4,6019.6,0.6972556316034287,0.19592663964383017,0.09127794998623263,604342.6,61072.4,1.06426091926782,28486.6,3290.8,69.96724205242612,67
61,Mar 28 2020,4135.8,1184.2,5969.8,0.6927870280411405,0.198365104358605,0.09951121010950442,668179.4,63836.8,1.0452643092460752,32054.8,3568.2,61.78718906860011,68
62,Mar 29 2020,4076.4,1170.2,5899.4,0.6909855239515884,0.19835915516832223,0.08945586554773335,734707.4,66528.0,1.0421575016291542,35990.4,3935.6,53.197847183491355,81
63,Mar 30 2020,3987.4,1141.6,5785.0,0.6892653414001729,0.19733794295592047,0.09301255630030072,803599.6,68892.2,1.0355369167869168,40333.2,4342.8,60.49800892359175,100
64,Mar 31 2020,3957.2,1093.6,5706.2,0.6934912901755984,0.19165118642879675,0.09503538075826964,875250.4,71650.8,1.040042268936106,45201.2,4868.0,60.377838817624095,74
65,Apr 01 2020,4009.6,1097.6,5756.2,0.6965706542510685,0.1906813522810187,0.09806393555879993,951616.6,76366.2,1.0658108492857021,50571.6,5370.4,61.89360290016732,72
66,Apr 02 2020,3800.4,1059.0,5469.6,0.6948222904782799,0.19361562088635365,0.11198949399664912,1031130.2,79513.6,1.0412145687490015,56277.4,5705.8,62.44883993307307,63
67,Apr 03 2020,3718.8,1051.0,5368.4,0.6927203636092691,0.19577527755010804,0.11210820891588744,1109704.2,78574.0,0.9881831535737282,62018.6,5741.2,66.2353123257111,63
68,Apr 04 2020,3711.4,1025.6,5328.0,0.6965840840840841,0.19249249249249248,0.11550834539492849,1187568.4,77864.2,0.9909664774607376,67815.4,5796.8,58.86787785833798,59
69,Apr 05 2020,3777.8,1057.6,5438.6,0.6946272937888427,0.19446181002463866,0.10113202937623485,1264527.0,76958.6,0.9883694945815922,73931.6,6116.2,51.23443390964863,57
70,Apr 06 2020,3839.8,1064.4,5507.2,0.6972327135386404,0.19327425915165602,0.11856972480334622,1341609.8,77082.8,1.0016138547218894,80197.8,6266.2,61.0577300613497,59
71,Apr 07 2020,3819.6,1066.0,5469.6,0.6983326020184291,0.19489542196869972,0.10005683215145965,1419942.4,78332.6,1.0162137338031312,86821.6,6623.8,62.72799498047964,55
72,Apr 08 2020,3975.6,1076.4,5626.2,0.7066225871814014,0.19131918524048205,0.09875374996863624,1501463.0,81520.6,1.0406982533453504,93895.6,7074.0,64.01011991076408,56
73,Apr 09 2020,3880.6,1053.8,5490.4,0.7067973189567245,0.19193501384234302,0.10688078252417445,1583793.2,82330.2,1.0099312321057499,101017.0,7121.4,64.50185164528722,61
74,Apr 10 2020,3922.2,1039.0,5483.2,0.715312226437117,0.1894878902830464,0.1302860435617975,1670105.2,86312.0,1.048363783884893,107704.2,6687.2,68.67620747350809,55
75,Apr 11 2020,3916.8,1045.2,5476.8,0.715162138475022,0.1908413672217353,0.12105820861222903,1753581.0,83475.8,0.9671401427379739,114193.8,6489.6,61.94583379810374,53
76,Apr 12 2020,4075.4,1048.0,5639.6,0.7226399035392581,0.18582878218313353,0.13790011907913388,1833717.2,80136.2,0.9599931956327462,120537.4,6343.6,43.601793084216396,50
77,Apr 13 2020,4045.2,1018.0,5563.4,0.7271093216378474,0.18298162993852682,0.08950945871592286,1912487.6,78770.4,0.9829565165306066,127089.0,6551.6,60.70288901282766,55
78,Apr 14 2020,4160.4,1052.6,5706.8,0.7290250227798415,0.1844466250788533,0.08942397481009044,1995256.4,82768.8,1.0507601840285183,133883.4,6794.4,65.05501952035694,60
79,Apr 15 2020,4117.0,1115.0,5746.0,0.7164984336930038,0.19404803341454926,0.09226766073517163,2076213.6,80957.2,0.9781125254926977,141309.8,7426.4,68.22344394868935,92
80,Apr 16 2020,4028.6,1132.8,5650.8,0.712925603454378,0.20046719048630282,0.08825303950646263,2157957.6,81744.0,1.0097187155682261,148881.0,7571.2,70.05109313998885,61
81,Apr 17 2020,3896.6,1156.2,5543.2,0.7029513638331649,0.20857988165680474,0.07888515548382495,2241821.2,83863.6,1.0259297318457625,155986.4,7105.4,75.8318878973787,51
82,Apr 18 2020,3796.4,1215.6,5506.6,0.6894272327752151,0.22075327788472013,0.06857686434404588,2324186.8,82365.6,0.9821376616315064,162518.0,6531.6,71.51504740658115,42
83,Apr 19 2020,3659.6,1192.6,5338.4,0.6855237524351866,0.22340026974374344,0.0736278734899616,2402260.0,78073.2,0.9478860106646463,169024.4,6506.4,59.401201896263245,44
84,Apr 20 2020,3628.6,1186.2,5293.0,0.6855469488003023,0.2241073115435481,0.07735527242127953,2478149.6,75889.6,0.9720313756833332,175103.6,6079.2,70.92477691020635,44
85,Apr 21 2020,3704.4,1161.4,5360.0,0.6911194029850747,0.21667910447761196,0.08346078472680026,2557136.2,78986.6,1.0408092808500768,181258.6,6155.0,71.7757585052984,44
86,Apr 22 2020,3606.0,1102.2,5170.0,0.6974854932301741,0.21319148936170212,0.0805085367236703,2637405.8,80269.6,1.0162432615152444,187834.4,6575.8,72.86317902955939,54
87,Apr 23 2020,3458.2,1014.2,4929.0,0.7016027591803611,0.2057618178129438,0.08945310814208288,2719831.8,82426.0,1.0268644667470623,194437.2,6602.8,73.53569157836029,46
88,Apr 24 2020,3466.0,1055.6,4979.6,0.6960398425576351,0.21198489838541246,0.085668593589132,2801797.2,81965.4,0.994411957392085,200385.2,5948.0,83.04782208588956,40
89,Apr 25 2020,3530.2,1039.6,5024.2,0.7026392261454559,0.2069185143903507,0.08439988705811576,2882142.2,80345.0,0.9802306827027014,205912.0,5526.8,78.36470161740101,35
90,Apr 26 2020,3494.0,1037.4,4992.6,0.6998357569202419,0.20778752553779595,0.07036915262138468,2959744.4,77602.2,0.9658622191797871,211361.4,5449.4,66.6395398773006,37
91,Apr 27 2020,3704.2,1120.6,5317.6,0.6965924477207762,0.21073416578907775,0.07918738478148862,3035367.8,75623.4,0.9745007229176492,216829.6,5468.2,75.72440881204685,40
92,Apr 28 2020,3868.0,1190.0,5568.0,0.694683908045977,0.2137212643678161,0.07825502767343923,3110903.2,75535.4,0.9988363390167594,222374.6,5545.0,77.12466815393194,40
93,Apr 29 2020,3803.4,1122.2,5425.2,0.7010617120106172,0.2068495170684952,0.06947834846713569,3189258.8,78355.6,1.037336136434043,228178.4,5803.8,78.18877579475739,38
94,Apr 30 2020,3502.8,1049.2,5027.6,0.6967141379584693,0.2086880420081152,0.0694964160180534,3269991.0,80732.2,1.0303309527334357,234117.4,5939.0,83.45174288901283,40
95,May 01 2020,3428.4,1078.2,4968.6,0.6900132834198768,0.21700277744233787,0.08467669202241301,3351190.6,81199.6,1.0057895114960327,239454.4,5337.0,94.91405744562186,39
96,May 02 2020,3502.4,1124.2,5107.6,0.6857232359620957,0.22010337536220534,0.07637639938160216,3432196.4,81005.8,0.9976132887354124,244263.4,4809.0,92.44659230340211,34
97,May 03 2020,3491.8,1153.0,5130.2,0.6806362325055554,0.22474757319402752,0.06983801150325938,3512463.8,80267.4,0.9908846033247001,249054.2,4790.8,78.66387618516454,34
98,May 04 2020,3410.2,1159.8,5056.8,0.6743790539471602,0.22935453251067867,0.067995625469765,3593326.0,80862.2,1.0074102313018736,254143.4,5089.2,85.16363636363636,39
99,May 05 2020,3321.2,1120.4,4909.8,0.6764430323027414,0.22819666788871237,0.07120467413277082,3675888.0,82562.0,1.0210209467464402,259249.4,5106.0,85.63278304517567,38
100,May 06 2020,3097.8,1012.2,4544.2,0.6817041503454955,0.22274547775185954,0.06757485590542278,3761226.2,85338.2,1.033625638913786,264778.4,5529.0,88.91844116006692,38
101,May 07 2020,2625.8,875.4,3870.4,0.6784311699049195,0.22617817279867714,0.08712518745320443,3848076.0,86849.8,1.017713052302486,270334.8,5556.4,93.82040156162856,36
102,May 08 2020,2468.4,819.0,3607.0,0.6843360133074577,0.22705849736623232,0.09025416079440905,3934177.2,86101.2,0.9913805213138084,275430.2,5095.4,103.1731372002231,36
103,May 09 2020,2688.4,881.8,3898.0,0.6896870189840945,0.22621857362750128,0.06131734123996029,4017522.2,83345.0,0.9679888317468281,279886.4,4456.2,101.69872002230898,34
104,May 10 2020,2951.2,956.2,4261.6,0.6925098554533508,0.22437582128777922,0.07164831507158848,4099769.8,82247.6,0.9868330433739277,284370.2,4483.8,80.27827105409928,33
105,May 11 2020,3150.4,1075.6,4601.6,0.6846314325452016,0.2337447844228094,0.0707070729903065,4180664.4,80894.6,0.9835496719661121,288786.0,4415.8,,37
106,May 12 2020,3379.8,1118.6,4906.6,0.6888272938491012,0.22797864101414417,0.07903280772082444,4264253.0,83588.6,1.0333025937454416,293402.4,4616.4,,36
107,May 13 2020,3502.6,1136.6,5066.8,0.6912844398831609,0.2243230441304176,0.06663768613165562,4351862.2,87609.2,1.048099860507294,298348.6,4946.2,98.00250697155604,37
108,May 14 2020,3406.2,1110.6,4946.2,0.6886498726294933,0.22453600744005497,0.07971483532850014,4442585.8,90723.6,1.0355487779822212,303434.4,5085.8,103.18351366424986,34
109,May 15 2020,4954.0,1479.0,6889.2,0.7190965569296871,0.21468385298728446,0.08405038302574419,4532291.4,89705.6,0.9887791048856086,308076.6,4642.2,117.93519241494701,35
110,May 16 2020,5368.0,1533.75,7374.75,0.7278890809857961,0.2079731516322587,0.08264490136816288,4579271.5,90944.0,1.0138051582063996,310496.0,4495.75,114.98875627440046,33
111,May 17 2020,6044.666666666667,1687.3333333333333,8216.0,0.7357189224277833,0.20537163258682245,0.07194419892392007,4625203.333333333,88890.33333333333,0.9774183380248651,312772.3333333333,4238.333333333333,96.44832682654767,31
